10
37,37
0,0
36,36
8, 2, 8, 6, 8, 2,12, 2, 4, 1, 9, 9, 5,12, 1, 1, 1, 2, 7, 3, 1, 6, 9, 3, 9, 7, 7, 9, 5, 6, 4, 5, 1, 6,-1, 1, 7
 4,12, 2, 3, 2, 5, 2, 1,12, 2, 4, 5, 4, 3, 3, 4,12, 2, 3, 9, 6, 9, 1, 6, 7, 7, 5, 8, 7, 2,-1, 3, 2, 5,-1, 9, 2
 1, 5, 8, 9, 2, 1, 2, 4, 7, 8, 2, 9, 8, 4, 2, 2,12, 8, 8, 2, 3, 3, 1, 5,12,-1, 2, 7, 1, 4,-1,-1,-1, 2,-1, 5, 6
 8, 6, 2, 4,12, 8, 9, 9, 7, 1, 2, 8, 8, 2, 4, 2, 1, 7, 6, 8, 3,-1, 8, 1, 8, 6, 1, 3, 3, 2, 7, 3, 4, 2, 9,12, 2
 7, 6, 2,12, 7, 8, 1,-1, 5, 8, 8, 1, 1, 5, 8, 9, 9, 1, 8, 5, 1, 8, 4, 5, 4, 5, 8, 7, 6, 6, 8, 2, 2, 8, 8, 8, 8
 9, 3, 2, 3, 5,12,-1, 9, 2, 8, 3, 8, 2,12,12, 7, 1, 8, 4, 2,12, 5, 4, 7, 4, 4, 6,12, 9, 2, 3, 5,12, 2, 2, 3, 5
12, 5, 1, 7, 5,12, 6, 6, 6, 5, 8, 9, 4, 3, 9, 2,12, 4, 9, 5, 3,12, 3, 9, 3, 4,-1, 8, 5, 2,12, 5, 2, 3, 7, 6,-1
 1,12, 2, 9, 9, 1, 2, 2,-1, 2, 6,12, 1,12,12, 2, 7, 5, 2, 7, 7, 6, 9, 2, 3, 2, 4, 9,-1, 5, 7,-1, 9, 8, 6, 3, 4
12, 2, 1, 2, 6,12, 2, 6,-1,-1, 3, 9, 9, 8, 3, 7, 4, 3, 4, 5,-1, 9, 3, 5,12, 2, 3,-1,12, 2, 2, 2, 7, 8,-1,12, 2
 7, 4, 8, 2, 8, 7,-1, 3,-1, 2,-1, 7, 9, 6, 7, 6, 1,12, 6, 2, 5, 8, 1, 2, 8, 3, 2,12, 7,12, 1, 2, 6, 9, 7, 3, 8
 6, 2, 4, 7, 7,12, 8, 2, 1, 6, 2, 6, 4, 6, 6, 7, 5, 5, 8, 2,12, 2, 6, 8,12, 8,12, 9, 9, 2, 2, 2, 9, 6, 5, 4, 2
 7, 2, 9, 4, 7, 4, 5, 8, 2, 2, 4, 3, 6, 1, 4, 7, 4, 9,-1, 5,12, 3, 4, 9, 7,12, 3, 5, 2, 9, 7, 2,-1, 5,12, 7, 1
 6, 6, 8, 2,12, 4,-1, 4,-1, 2, 9, 6, 5, 7, 2, 4, 9,12, 4, 9, 2, 9, 2, 6, 7, 1,12, 5, 6, 6, 5,12, 4, 5, 7, 6, 8
 3, 9, 1, 4, 8, 2,-1, 2,-1, 7, 8, 3, 6, 6, 9, 4, 6,-1, 4,-1, 1, 4, 5, 9, 2, 2, 1, 9, 3, 7, 2, 1,12, 5, 6,-1, 9
12, 8, 9, 1,12, 7, 2,12, 9,12,12, 1, 9, 3, 7, 5, 9, 3, 8, 6, 6, 7, 1, 1, 5, 6, 2, 7, 2, 3, 4, 9, 9, 9,12, 2, 8
12, 2, 8, 5,-1, 2, 5, 8, 7, 2, 5, 1, 3, 2, 4, 3, 9, 5, 9, 7, 7, 2,-1, 2, 8, 4, 1, 5, 9, 6, 2, 4, 2, 9, 1,-1, 2
 4, 4, 5,12, 2, 5, 2, 3, 2, 2, 2, 4, 5, 3,12, 9, 3, 6, 2, 9, 9, 1, 4, 3, 2,12, 3, 1, 8, 6, 7, 4, 6, 7, 5, 1, 8
 4,-1, 9, 7, 5, 5, 3,12, 8, 3, 3, 9, 5, 6, 1,12, 7, 4, 9, 9, 5, 9, 8, 9, 9, 1, 6, 9, 7, 5, 3, 5, 4, 6, 3, 2, 1
 9, 2, 1, 5, 1, 3, 8, 2, 1, 2, 5, 2, 9, 9, 3, 4, 2, 2, 2,12, 7, 2,12, 3, 7, 2, 8, 9, 2, 1, 2, 2, 2, 3, 4,12, 3
 6, 6, 1,-1,12, 7, 1, 5, 2, 3, 5, 8,12, 7, 3, 2, 6, 8, 5, 1,12, 2, 6, 6, 8, 2, 7,-1, 2, 7, 9, 5, 5, 7, 1, 5, 4
 3, 6, 4,12, 7, 8, 2, 9, 8, 3, 4, 3, 8, 7, 6, 6, 2, 7, 9, 6, 6, 2, 2, 6, 5, 9, 2, 3, 3, 3,12, 7,12, 6, 7, 2, 9
12, 1, 2,-1, 7, 2, 5,12, 2, 8, 4, 7, 8, 7, 7, 5, 2, 5, 7, 4, 2, 4, 3,12, 6, 8, 5, 2, 1, 4, 9, 2, 1, 4, 2, 2, 2
12, 4, 9,12, 9,12, 9,12, 7, 9, 2, 1, 6, 5, 3, 2, 6, 4, 7, 9,12, 4, 4, 9, 8, 1, 7, 8, 2, 2, 9, 3, 8, 5, 3, 7, 6
 7, 4, 6, 2, 7, 7, 8, 6, 8, 9, 1, 2, 9, 3, 4, 9, 2, 8,12, 1, 2, 5, 9, 8, 7, 9, 3, 3,12, 7, 9, 8, 3, 2,12, 3, 6
 9, 2, 1, 8, 4, 8, 1, 8, 6, 2, 3, 9, 1, 7, 3, 8, 5, 8, 5, 4, 4,12, 5, 2, 9, 2, 1, 9, 2, 6, 8, 4, 4,-1,-1,-1,12
 7, 7, 2, 8, 4, 4, 1, 9, 8, 2, 9, 8,12, 5, 5, 2, 8, 1, 5, 9, 9,12, 6, 5, 9, 8, 1, 4, 4, 7, 6,12, 4, 9, 1, 8, 2
 1, 6, 7, 2, 8, 7, 6,12, 1, 2, 9, 5,12, 7, 6, 4, 9, 2, 2, 5, 1, 9, 2, 1, 6, 8, 3, 2, 8, 1, 2, 6, 9, 8, 3,-1, 2
 5, 5, 7,12, 1, 8, 4, 4, 2,12,12, 1, 1, 2, 8, 4, 8, 2, 6, 8, 3, 8, 5, 5, 3, 8,12, 8, 5,12, 1,12, 2, 5, 2,-1, 6
 9, 2, 8, 1, 3, 5, 6, 2, 7, 9, 2, 1, 6, 8, 1, 2, 1, 5, 2, 2,12, 2, 4, 9, 2, 2, 4, 7, 4, 3, 6, 9, 6, 5,12, 2, 3
 1, 7, 2, 2, 5, 6,12, 6, 6,12,12, 2, 1, 2, 2, 7, 1, 1, 8, 3, 5, 2,12, 1, 8, 2, 6, 3, 2, 9, 3, 2, 4, 9, 8, 5, 3
 1, 3, 2, 1, 1, 6, 3,-1, 2, 4, 8, 7, 3, 4, 7, 6, 1, 9, 7, 2,12, 4, 6, 5, 7, 8, 2,12, 1, 2, 6, 7, 8, 2, 3,12, 9
 3, 6, 4, 9, 2,12, 9, 8, 2, 7, 6, 6, 8, 3, 7, 9, 3, 7, 2, 2, 3, 2, 4, 5, 8, 7, 2,12,12, 4,12, 2,12,-1, 6,-1, 2
 6, 4, 4,12, 8, 3, 2, 7, 3, 8, 4, 7, 3, 1, 5, 6, 2, 2, 2, 6, 2, 1, 4, 3, 1, 4, 2, 5, 7, 1, 6, 5,12, 7, 5,-1, 3
 4, 8, 2, 2,12, 9, 3, 3, 8, 7, 7, 8,12, 6,12, 2, 4,12, 2,12, 7, 8, 7, 1, 9, 5,12, 4, 2, 2, 9, 7, 1, 8, 3, 8, 9
 2, 2, 5, 1, 7, 1, 8, 2,12, 3,12, 5, 7, 9,12,12,12, 2, 4, 4, 2,12, 2, 2, 1, 6, 9,12, 7, 4, 6,12, 8, 4, 8, 2,12
 3, 1, 2, 8, 1, 4, 7, 9, 3, 7, 3, 6, 6, 6, 3, 9, 9, 3, 9, 3, 3, 7, 5,12, 2, 8, 2, 2, 5, 4, 9, 8, 5, 3, 2, 6, 4
12, 1, 9, 5, 9, 2, 6,12, 3, 4,12,-1,12, 7, 9, 2, 1, 2, 2, 4, 6,12, 2, 2, 2, 3, 4, 1, 4, 4, 2, 4,12, 6, 2, 5, 6
24,24
0,0
23,23
13, 1, 7, 8, 4, 9,13, 5, 3, 5, 9, 2, 3, 4,13, 1, 2, 8, 8, 5, 4, 4, 9, 5
 6, 6, 9, 9, 5, 4, 5,13,13, 5, 9, 7, 6, 4, 4, 1, 5, 3, 5, 6,13,13, 2, 4
 9, 6,13, 3, 7, 3, 1, 3, 3, 4, 6, 6, 2, 5, 5, 9, 9, 3,-1, 4, 3, 7, 3,13
 9, 3, 3, 3, 6, 2, 6, 3, 8, 4, 8, 8, 9, 1, 8, 3,13, 1,13, 8, 4,13, 1, 9
13, 8,13, 3, 8, 3, 5, 4, 7, 1,13, 6, 6,-1, 9, 8, 7, 5, 6, 8, 6,13, 5, 2
 6,13,13, 1, 1, 5, 4, 5, 2,-1, 3, 7, 7, 2, 9, 6, 9, 4, 4, 3, 6, 1,13,13
 6, 5, 2, 1, 2, 9, 9, 9, 1, 3, 2, 1, 5, 5, 5, 2, 3, 5,13, 3, 9, 4, 5, 3
 3, 9, 7,13,-1, 4, 4, 3,-1, 9, 2, 9, 9, 1, 8, 7, 4, 7,13, 8, 4, 8, 9,13
 3,-1, 6, 6, 3, 9, 3, 9,13, 1, 2, 8, 5, 6, 7, 5, 1, 3, 3, 5, 7,13,13, 3
 9, 9, 8, 8, 3,13,13, 6, 6, 6, 3, 7, 9, 5, 7, 1, 5, 2, 4, 8,13, 3, 4, 6
 2, 8, 3, 1, 5, 4, 3, 7, 4, 6, 5, 5, 9, 6,13, 4, 1, 8,-1, 5, 2, 4, 9, 4
 8, 5, 8,13,-1, 5, 8, 8, 4, 6, 9, 9, 4, 4,-1, 5, 1, 5, 9, 3, 8, 8, 6, 9
 2, 7, 3,-1, 8,13, 9, 8, 1, 7, 7, 6, 3, 9, 2,13, 8, 5, 3, 7, 6, 3,13, 1
-1, 9,-1, 3, 5, 8, 4, 1, 3, 4, 1, 6, 7, 7, 5, 7, 1, 9, 7, 3, 4, 1, 3, 2
 8, 5, 4, 7, 6, 3, 5,13,13, 1, 1, 8, 2, 5, 7, 8, 1, 7, 3, 3,13, 3, 9, 6
-1, 8, 4, 2, 2, 3, 3, 9, 5, 1, 2,13, 7, 8, 8, 2, 7, 9, 4, 1, 2, 9, 9, 5
 3, 9, 8, 9, 5, 8, 2, 3, 7, 1, 1,13, 3, 5,-1, 6, 2, 9, 5, 3, 3, 1, 3, 5
 7, 1, 2, 8, 3, 1, 6, 2, 9, 7, 2, 1, 7, 7, 1, 6, 1, 6, 5, 6,13, 5, 3, 9
 9, 5, 3, 5, 6,-1, 9, 9, 8, 4, 1, 3, 6, 3, 2, 3, 5, 9, 7, 5, 4, 3, 3, 7
 4, 6, 4,-1, 3, 3, 4, 2, 2, 5, 6,-1, 6, 1,13, 9, 3, 8, 6, 2, 7, 3, 8, 2
13,13, 6, 8, 6, 6, 4, 7, 2, 3, 3, 3, 9,-1, 2,13,13, 4,-1,13,13, 6, 5,13
13, 8, 1, 2, 9, 3, 3, 6, 3, 6, 8, 3, 6, 7, 4, 5, 4, 1, 9, 1, 2, 1, 4, 4
 4, 5,13,13, 4, 3, 7, 1, 9, 5, 8, 3,-1, 3, 3, 9, 5,13, 3,-1,-1, 3, 4, 6
 3, 7,13, 6, 1, 3,-1, 6, 5, 1, 5,-1, 8, 9,13, 5, 4, 4, 6, 4, 9, 3, 1, 9
11,11
0,0
10,10
 4, 2, 9, 5, 7, 4, 7, 6, 3, 7, 8
 4, 4,14, 8, 1, 4, 5, 5, 7, 8, 4
 4, 5, 2, 8, 1, 1, 9, 3, 3, 4, 7
 3, 3, 6, 2, 8, 9, 6, 8, 3, 5, 7
 4, 3, 7, 3, 7,14, 4, 8, 9, 1, 1
 7, 3, 2, 3, 5, 4, 2, 1, 6, 4, 9
 6, 9, 8, 1,14, 3, 9, 8, 3, 4, 8
14, 8, 4, 2, 3, 8, 4,14,14, 2, 7
 5, 7, 4, 8, 8, 8, 4, 3, 4, 5, 1
 7, 7, 5,14, 8,14, 1, 6, 9, 9, 1
 5,14, 1,14, 7, 7, 3,14, 8, 4, 6
28,28
0,0
27,27
15, 7, 7, 6, 9, 5, 2, 6, 1, 2,15, 1, 7, 9, 8, 5,15, 6, 5, 5, 9,-1, 2, 3, 2, 5,15, 3
 2, 3, 5, 3, 4, 5, 4, 2,15, 6, 9, 9, 8, 3, 5, 1, 1,-1, 1, 7, 4, 7, 5, 4, 9,15, 7, 4
 7,15, 8, 5, 9, 2, 3, 8,15, 5, 3, 7, 6, 9, 4, 5, 2, 6, 5, 9, 5, 7, 4, 5, 3, 4, 4, 5
 3, 1, 3, 4, 3, 4, 1, 1, 4,15, 7, 4, 2, 5, 9, 3, 6, 4, 4, 8, 5, 3, 1, 7, 5, 7, 5, 5
 7, 3, 5, 4, 7, 9, 9,15, 4, 3, 7, 5,-1, 2, 4, 2, 1, 9, 4, 5,-1, 3, 4, 3,-1,-1, 3,-1
 3, 9, 2,15, 7,15, 1,15, 3,15, 4, 6, 2, 8, 8, 5, 5, 9, 5, 8, 7,-1, 3, 4, 2, 6, 3, 6
 3, 7, 5,15,15, 7, 2,15, 2, 8, 6, 1, 8, 6, 5, 1, 2,-1, 1, 5, 2, 8, 6, 9, 3, 6,15, 7
 4, 1, 9, 4,15, 5,15, 1, 3,15, 9, 4, 9, 2, 3, 2,15, 3, 3, 8, 1, 3, 1, 5, 5, 6, 9, 6
 4,15, 2, 9, 9,15, 6,15, 7,15, 6, 7, 1, 1,15, 9, 4, 5, 9, 4, 5, 6, 3, 1, 6,15, 5, 3
 8, 5, 2,15, 1,15, 1, 7, 5, 1, 9, 5, 4, 8, 6, 6, 6, 6, 5, 8,15, 1, 3, 5, 6, 5, 3, 9
 8, 7, 5, 7, 7, 4, 5, 1, 5,15, 8, 1, 1, 5, 7, 3,15, 5,15, 3, 7, 6, 8, 9, 1, 8, 9, 5
 5, 4, 6, 5, 5, 3, 7, 3, 1, 5, 8, 9, 3, 4, 8, 8, 9, 2, 4,15,-1, 5, 7, 8, 2, 5, 5, 4
 3, 6,-1, 7,-1, 7, 6, 8, 7, 5, 5, 1, 5, 6, 1, 4, 8, 3,15, 3, 1, 5,15,-1, 4, 9, 2, 8
 7, 9, 3, 6, 5, 7, 7, 5, 9, 6, 2, 1, 3,15, 5, 2, 9, 5, 4, 3,15, 6,-1, 2, 5, 9, 2, 4
 5, 4, 3, 2,-1, 3, 7, 8,-1, 2, 5, 3, 5, 2, 9, 2, 5, 4,15, 8, 6, 2, 8, 8, 6, 5, 9, 8
 2, 1, 8, 5, 7,-1, 5, 9, 2, 7, 4,15,15, 5, 1, 8, 6, 5, 7, 1, 6, 5, 3, 5, 3, 3, 5, 2
 8, 1, 5, 9, 5, 4, 1, 9, 1, 7, 1,15, 5, 3, 2,15, 7, 3, 7, 5, 5, 7, 5, 6,15, 5,-1, 1
 1, 5, 7, 5, 6, 8, 2, 5, 6, 2,15, 2, 8, 8, 5, 5, 6, 8, 5, 8, 4, 2, 8, 1, 2, 9, 1, 2
 7, 4, 2, 4, 9, 3, 7, 8, 9, 9,15, 9, 7, 8, 2, 5, 2, 5, 4, 2,-1,15,15,15, 2, 7, 5, 3
15, 5,15, 4, 3, 3, 1, 4, 3, 5, 1,15, 2, 5, 4, 3, 8, 8, 4, 5, 5, 2,-1, 4, 4, 7,15, 8
 3, 7, 7, 4, 4, 9, 1, 3, 5, 3, 8, 6, 1, 4, 9, 7, 5, 5, 8, 9, 8, 3,15, 1,15, 5, 6, 8
 2, 8, 8, 1, 5, 1, 4, 5, 5, 2, 6, 2, 8, 3, 2, 2, 2, 4, 4, 8, 5, 1, 6,15, 7, 9, 3, 1
 1, 7, 6, 7, 9,15, 1, 5, 5, 4, 3, 5, 7,15, 7, 5, 2,15, 9, 2, 6, 6, 9, 1, 8, 5, 4, 2
15, 2, 5, 1, 4, 6, 5, 9, 1, 1, 4, 8, 6, 7, 2, 7, 6, 1, 6, 8, 8, 5, 5, 3, 3, 9, 5,15
 5, 9, 4, 3, 7, 5, 2, 7, 5, 2, 1, 4, 9, 8, 5, 4, 7, 3,15,-1, 5, 4, 9, 8, 8, 2, 4, 5
 3, 2,15, 7, 5, 6, 6, 4, 5, 5, 7, 5, 5, 5, 9, 8, 1, 2, 5, 1, 7, 5, 6, 3,15, 5, 4, 7
 1, 4, 5,15, 2, 6, 6, 7, 4, 2, 3, 2, 4,15, 7, 4,15, 4, 6, 8, 2, 1, 7, 3,15, 8, 8, 5
 2, 1, 8, 5, 9, 4, 3, 5, 3, 4, 5, 1, 8, 9, 5, 9, 2, 8, 8, 7,15, 1, 9,15, 6, 8, 4, 2
30,30
0,0
29,29
 7, 9, 4, 3, 7, 1, 4, 2, 7, 8, 2, 3, 1, 3, 6, 8, 6, 5, 4,-1, 5, 8, 2, 9, 6, 9, 5, 6, 6, 7
 6, 6, 4,-1, 3, 6, 6, 7, 6, 9, 6, 1, 3, 1, 3, 1, 5,-1, 2,-1, 5, 6, 1, 9,16, 7, 4, 8, 2,-1
 9, 6, 6, 5, 9, 6, 5, 1, 9, 6,16,-1,16, 2, 2, 3, 5, 6,-1, 8, 4, 4, 4, 4, 8, 8,-1,16, 2, 6
 1, 7, 4, 2, 9, 5, 8, 2, 1, 9, 1, 8, 8, 6, 2,-1,-1, 5, 5, 7, 8, 4, 8, 8, 9, 5,16, 1, 6,-1
 6, 6, 3, 6, 7, 6, 3,16, 8, 7, 5, 6, 2, 3, 8, 8, 3, 1,-1, 7,16, 1, 5,-1,-1, 3,-1, 5, 1, 7
 9, 6, 4, 6, 4,16, 1, 5, 3, 8,-1,-1,-1,16,-1, 8,-1, 4, 7, 3, 4, 1, 6, 3, 7, 6, 6, 1, 4, 6
 4, 6, 9, 6, 7, 5, 6, 3, 6,16, 2, 9, 4, 6,-1, 3, 6, 6, 6, 3,-1, 1,16, 7,16, 8,-1,16, 6,-1
 6, 3, 5, 5, 9, 2, 7, 6, 5, 4, 2, 2, 8,16, 2, 6, 6, 6, 7, 4, 4, 3,-1, 9, 1,-1,16, 6,-1, 4
 9, 6,16, 1, 1, 8, 4, 9, 6,-1, 6, 1, 4,-1, 5, 5, 1, 3, 1, 4, 6, 5, 6, 7, 4,-1, 6, 5, 5, 4
 8, 4,16, 1, 2,16, 6, 1, 5, 1,-1, 6, 4, 8, 2, 3, 6, 8, 7, 7, 3, 7, 2, 6, 8, 9, 1, 6, 2, 1
 4, 7, 7, 6, 9, 1, 5,16, 2, 9, 9, 6, 6, 3, 6, 6, 5, 6, 8, 3, 7, 3, 5, 6, 6, 3, 6, 3, 6, 8
 4, 8, 9, 1, 9, 4, 6, 1, 5, 6, 7, 7, 1, 5, 9, 8, 7, 6, 6, 6, 5, 4, 8, 2, 8,-1, 2, 3, 2, 2
 6, 1, 7, 7, 1, 5, 2, 5, 4,16, 4, 9, 2, 4, 5, 1, 6, 7, 2, 3, 4, 4,16, 6, 5, 3, 6, 7, 6,16
 5, 5, 7, 5, 8, 7, 4, 6, 9, 6, 3, 9, 4, 6, 3,16, 5, 6, 2,16, 6, 4, 4, 1, 3, 6, 4,16, 1, 6
 8, 4, 8, 6, 2, 3, 5, 9, 5, 9, 5, 2, 8, 1, 4, 8, 4, 6, 6, 5, 9, 2, 6, 7, 7, 1,16, 8,16, 1
 6, 9, 5, 3, 6, 3, 6,16, 3, 8, 2, 6, 8,16, 1, 5, 5, 7, 6, 4, 7, 6, 2,16, 6, 6, 5, 1, 1, 5
 7, 6, 8, 3, 2, 6, 9, 9, 6, 8, 7,16, 1, 1, 5, 1, 9, 7, 7, 5, 5,16, 1, 2, 2, 3, 4, 7, 8, 2
16, 6, 8, 9, 2, 9, 6,16, 2, 9, 6, 3, 1, 9,16, 6,16, 7, 9, 1, 5, 9,16, 5, 6, 5, 8, 1, 1, 1
 1, 2, 8, 9, 9, 6,16, 7,16, 3, 2, 6, 9, 2, 8, 5, 7, 2, 6, 1, 8, 5, 1, 3, 8, 6, 2, 8, 8,16
 9, 8, 1,16, 2, 9,16, 2, 6, 2, 9, 8, 1, 9, 1, 8, 3, 6, 4, 1,16, 5, 8, 2, 9, 6, 2, 9, 3, 9
 2, 1,16, 1,16, 6, 5, 6,16, 5, 3, 7, 2,16, 6, 4,16, 6, 8, 1, 5,16, 8, 4, 6, 2, 4, 6, 9, 7
 2, 5, 5, 1, 9, 7, 6, 9, 4, 5, 6, 7, 1, 6, 4, 5,16, 8, 7, 1, 8, 3, 7, 7, 3, 4, 6, 2, 3, 5
 9, 5, 7, 5, 6, 4, 2, 8, 7, 7, 3, 2, 8, 6, 4, 3, 7, 8, 6, 4, 9, 6, 6, 1, 7, 6,16, 1,16,16
 9, 6, 3,16, 3, 9, 7, 5, 6, 6, 1, 2, 3, 5, 4, 8, 6, 1, 9, 5, 7, 7, 9, 6,-1, 1, 6, 4, 3,16
 7, 1, 1, 6, 6, 5, 6, 6, 9, 8, 3, 4,16, 5, 4, 1,16, 8, 9, 6, 5, 3, 5, 7,-1, 1, 6, 1,16,16
 3, 1, 6, 2, 8, 3, 5, 3, 4, 6, 9, 1, 6, 5, 3, 6, 1, 6, 6, 2,16, 9, 1, 9, 6, 6, 6, 9, 6, 4
 1, 7, 7, 6,16, 3, 3, 6, 3, 1, 6,16, 5, 6,16, 1, 9, 6, 6, 6, 7, 2, 9,16, 2, 6, 1, 5,16, 1
 6, 6, 5, 6, 6, 3, 4,16, 2, 9, 1,16, 2, 4, 9, 3, 8, 6, 6,16, 4, 2, 2, 6, 7, 4, 4, 6, 5, 3
 6,16, 8, 2, 9, 6, 4, 2, 4, 7, 6, 8, 9, 8, 1, 1, 5, 6, 9, 9, 7,16, 5, 1, 7, 1, 6,16, 7, 1
 2,-1, 9, 4, 2, 8, 1, 1, 6, 4, 1,16, 6, 1, 9,16, 4, 6, 6, 5, 9, 9, 6, 6, 6, 7, 1, 8, 6, 3
36,36
0,0
35,35
 7,17, 8,-1, 1, 8, 6,17,-1, 7, 3, 2, 1, 4,17, 2, 9, 3, 9, 2, 2, 8, 1, 5,-1, 7,-1, 1, 8, 4,-1, 4, 5, 1, 6, 2
 2, 3, 5, 7, 6, 1, 5, 7, 5, 6, 3, 7,-1, 2, 7,-1,-1, 7, 2, 7, 4, 8, 6, 2, 7, 3, 5, 2, 7, 9, 4, 8, 2, 3, 9, 5
 8, 6,-1, 4, 7, 8,17,17,-1, 3, 1, 2, 7,17, 9, 7, 7, 8, 8,17,17, 3, 5, 8, 3, 1, 7, 7, 7,-1, 3,17, 5, 4, 9, 3
 1, 9,17, 5, 7, 8, 4, 2, 1, 3,17, 9, 6, 6, 2, 5, 9, 4, 4, 7, 7, 9,-1, 5, 5, 2,-1, 5,-1, 7,-1, 1, 5, 2, 2, 7
 8, 7, 9, 1, 9, 6, 5, 9, 7,-1, 5, 4, 7, 7, 1, 4,17, 4, 3, 8, 6, 7, 7,-1, 7, 3, 1, 8, 7, 3, 3, 3, 2, 4, 2, 4
 5,17, 8, 1, 6, 8, 2,17, 8, 8, 1, 4,-1, 5, 6,-1, 8,17, 9, 4, 7, 3, 2,-1, 1, 5, 7,17, 7, 5, 9, 3,17, 5, 3, 6
 5, 2,17, 2, 6, 2, 7, 1, 6,-1, 7,17, 7, 7,17,17, 2, 6, 1, 5, 9, 8, 7, 4, 1, 4, 5, 2, 7, 5, 7,-1, 8, 5, 6, 7
 7,17, 7, 7, 3, 3, 1, 2, 7, 2,-1, 1, 3,-1, 6, 9, 9, 9, 7,-1,-1,-1, 4, 3,17, 5, 8, 4,17, 8, 9,17, 3, 6, 9, 8
 7, 7, 5,17, 3, 4, 7, 8, 5, 7, 1, 2, 9, 5, 1,-1, 3, 2, 6, 2, 3, 1, 3, 2,17,-1, 5, 9, 8, 2, 1, 3,17, 7, 2, 7
-1, 7, 9, 1, 8, 6, 9,-1, 5, 6, 2, 7, 9, 7, 9, 7,17, 6, 5, 7, 5, 3, 7, 2, 2, 2, 7, 7,17, 6, 8, 1,17, 4, 8, 1
17,-1, 4,17, 5,17,17, 3, 9, 2, 7,-1, 5, 7, 7,17, 1,-1, 1, 4,17,17, 7, 9,17,-1, 1, 4, 5, 9, 3, 4, 8, 2, 3, 1
 7, 5, 4,-1, 7, 1, 5, 6, 6, 2, 4,-1, 1,17,17, 1, 4, 2,-1, 7,-1, 9, 1, 1, 3, 3,-1,17,-1,17, 2, 3, 8, 8, 7, 7
 1, 7, 9, 1, 1, 4, 6, 4, 9, 7, 3, 1, 6, 6,17, 8,-1, 9, 9, 1,17, 7, 5, 6, 4, 3, 7, 3, 7, 8, 9, 5, 4, 2, 3, 1
 8,17, 8, 7, 7, 3, 7, 5, 2, 1, 8, 3, 2, 8, 9, 2, 1, 7, 5, 2, 2, 7, 5, 3, 9, 3, 7,-1, 6, 9,-1, 4, 1, 2, 5, 6
 4, 2, 9, 7, 2, 4, 3, 3, 9, 2, 9, 3, 3, 7, 8,17, 2,-1, 9, 3, 8, 7, 5, 7, 3, 4, 4, 7, 6, 7, 5, 4,17, 9, 1, 1
 9, 6, 9, 4, 5, 4, 7, 3, 8,-1, 3,-1, 3, 6, 6, 3, 5, 2, 8, 7, 2, 4, 5, 8, 9,17,17, 7,17, 2, 9, 2, 6, 6, 6,17
 5, 6, 4, 4, 8, 3, 1, 1, 5,17, 8, 1, 9, 5, 2, 7, 1, 5, 8,17, 2,-1, 2, 7, 6, 2, 9, 9, 7, 8, 7, 4, 4, 6,17,-1
 7, 3, 3, 7, 3,17, 3,-1, 5, 8,-1,17, 4, 2,17, 1, 7, 6, 2, 3, 5, 3,-1, 6, 6, 7, 1, 6, 5, 7, 9, 9, 1, 3, 7, 9
 7, 9, 8,17, 6, 4,17, 9, 4, 5, 4, 4,-1, 4,17, 4, 3, 3, 3, 6,-1, 4, 9, 5, 8, 9,17, 6, 3, 7, 2, 4, 2, 6, 4, 6
 7, 8, 8, 6,-1, 7, 4, 3, 9, 7, 3, 8, 8, 7, 1, 6, 7,-1, 6, 8, 1, 8, 7, 7, 1, 9, 2, 2, 5, 8, 3, 6, 6, 9, 2, 7
 4, 1, 3, 2, 9, 9, 7, 7,-1, 4, 5, 9, 9,17, 7, 1, 7, 2,17, 2, 2,-1, 7, 5,-1, 7,17,-1, 4, 1,17, 1,-1,17, 1, 8
 1, 4, 9, 7, 6, 7, 7, 9, 6, 9, 9, 9, 7, 2, 7, 1, 5, 8, 7, 2, 9, 4, 9, 4, 7, 1,17, 4, 7,17, 6,17, 7, 2, 2, 8
17, 3, 6, 8, 5, 5, 5, 6, 2, 9, 7, 6, 6, 7,17, 5, 9, 5, 2, 2, 4, 5, 9, 7, 7, 1,-1, 8, 8, 2, 4, 1, 5, 6,17, 5
 2, 7, 8, 9, 1, 8, 8, 5, 9, 8, 5, 7, 4, 7, 8,-1,-1, 7, 7, 6, 7, 3,-1, 5, 9,17, 8, 7,-1, 3, 5, 7, 1,-1, 3, 4
 9, 6, 3, 6, 7, 3, 8, 6,17, 8, 1, 4, 3, 9,17, 2, 3, 5, 4, 4, 1, 6, 4, 9, 9,-1, 8, 7, 7,17, 2, 6, 3,-1, 7, 6
 9,-1, 8, 1, 3, 9, 7, 7, 5, 8, 9, 8, 9, 1, 5, 9, 5, 4, 5, 3, 1, 9, 2, 5, 5,-1, 5, 2, 8,-1, 9, 1,-1, 7, 7, 1
 8,-1, 8, 7, 9, 1, 8,17, 6, 7, 9, 2, 8,-1, 7, 7, 6, 7, 4,-1, 5, 8,17, 1, 7, 7, 7, 1, 1, 3, 6, 1, 8, 4, 1, 3
 7, 3, 5, 4, 5, 4,17, 9,17, 6, 1,-1, 3,17, 3, 9, 2, 5, 2, 3, 6, 7, 3, 3, 3, 9, 2,17, 1, 9,17, 8, 3, 3, 4, 3
 2,17, 6, 2, 2, 2, 7, 6, 2, 5,-1,17, 8, 8,-1,17, 3,17, 3, 5, 8, 8,-1, 5, 4, 4,-1, 5, 7, 8,17,-1, 5, 8, 1,-1
 6, 3, 8, 7, 6, 7, 8, 1,-1,-1,-1, 9,-1, 7, 8, 7, 5, 3, 9, 7, 9, 1,-1,-1,17, 4, 9, 6, 3, 7, 8,17, 7,17, 1, 5
17, 7, 3, 8,17, 7, 1, 6, 4, 4, 7,-1, 5, 4, 1, 8, 7,-1, 6, 4, 7, 6, 7,17, 7,-1, 1, 1, 4, 6,-1, 7,-1, 3,17, 4
 7, 2, 3, 5, 5, 7, 3, 4, 1, 3, 5, 2, 6,17, 4,17, 6, 5, 7, 2,-1, 1, 7, 7, 5, 6, 2, 2, 5, 4, 7, 6, 6, 5, 5, 7
 3, 3, 2, 4,-1,-1, 2, 7, 4, 4, 7,-1,17, 4, 9, 9, 9, 9, 1, 8, 7, 3, 6, 3, 6, 7, 6, 3, 4, 7, 4, 1, 8, 6, 4, 2
 6, 1, 5, 8, 4, 4,17, 2, 7, 1, 1, 7, 1,-1, 4, 6, 4, 4, 6, 1, 9, 7, 7, 7, 5, 1, 7, 3, 7, 7, 9, 7, 8, 7, 7, 8
 4, 9, 5, 8, 8, 7, 9,17, 3, 9, 2, 5, 7, 5, 1, 7, 9, 1, 7, 7,-1, 8,17, 4,-1,17, 3, 3, 4, 7, 8, 6, 2, 9, 6, 2
-1,-1, 2, 3, 8, 8, 7, 6, 7, 9, 8, 1, 7, 3, 7, 2, 8, 2,17, 6, 6, 1, 7, 7, 1,17,17, 5,17, 5, 7, 7, 2, 5, 8, 7
22,22
0,0
21,21
5, 4, 8, 2, 8, 2, 5, 1, 9, 6, 8,18, 2, 4, 5, 6, 6, 9, 4, 6, 8,-1
 5, 2, 2, 1, 5, 9, 7, 1, 1, 8, 1, 7, 1, 6, 9,-1,-1, 1, 8, 7, 6, 6
 2,18, 7, 1, 4, 5, 8,18, 5, 1, 1, 3, 4, 8, 9, 8,18, 5,18, 6, 6, 2
 8, 8, 1, 9,18,18, 2,18,18,18, 6, 8, 8, 8, 8, 5, 8, 4, 4, 6, 7,18
 3, 9,18, 3, 6, 7,18, 1, 5,-1, 9, 2, 7,18, 7, 6,18,18,-1, 7, 8, 3
 5, 3, 8, 8, 8, 8, 2, 4, 8, 3, 8, 9, 1, 7, 1, 7, 9, 9, 6, 9, 3,18
 7, 6, 7, 1, 8, 1, 8, 6, 5, 8, 8, 2,18,-1, 4, 8, 4,18, 3, 5, 8, 6
 2, 6, 6, 3, 6, 5, 8, 1, 9, 1, 5, 4, 9,18, 7, 8, 3, 4, 1, 4, 2, 8
 8,-1, 8, 8, 6,-1, 5, 9, 4, 8, 5, 3, 7, 6, 6, 8,18, 4, 9, 6, 5, 3
 6, 6,18,-1, 2, 1, 2, 7,-1,-1, 6,18,18, 3, 2, 7, 5, 8, 2, 8, 2, 4
 6, 2, 3,-1, 1, 8, 6,-1, 7, 2, 1,-1, 2, 3, 2,18, 3, 7, 2, 3, 6, 2
 8, 7, 8, 3, 8, 9, 2, 8, 8, 4, 2, 7, 8, 8, 8, 9, 7, 8, 7, 4, 7,-1
-1, 3, 3, 8,18, 1, 9,-1,18, 8, 4, 8, 3,18, 8, 7, 7, 3, 3, 8, 7, 5
 6, 6, 3, 4, 4, 5, 3, 5,-1, 9, 1,18, 1, 9, 4, 4, 7, 5, 9, 2, 7,18
 9, 3, 1, 1, 3, 2,18, 7, 4, 2,-1, 5, 9, 8, 8, 3,18, 8, 7, 2, 7, 1
 4, 2, 3,18,-1, 5, 6, 9, 6, 7, 2, 5,18, 9,18, 6, 5, 5, 8, 4, 5,-1
 1, 2, 6, 2, 7, 3, 8, 7,18, 7,18, 3, 7, 8, 8, 5, 9, 8, 5,18, 7, 2
 9,18,-1,-1,18, 8,-1, 2, 6, 9, 6, 4, 8, 2, 9, 3,18, 2, 9,-1, 5, 8
-1, 6, 5, 4, 8, 7, 5, 5, 8, 9,18,18, 8,-1,18, 7, 2, 3, 7, 8, 8, 4
 8, 3, 7,18, 3, 1, 3, 4, 2, 4, 8,-1, 8,-1,18, 3, 5, 3, 7, 8,18, 7
 9, 5, 1,18, 8, 4, 8, 3, 2, 5, 1, 7, 8,18,18, 3, 7, 7, 5, 5, 2, 6
 6,-1, 5,-1, 1,18,-1, 6, 9, 3, 1, 2, 3, 4, 7, 7, 7, 6, 8, 5, 2, 2
41,41
0,0
40,40
9, 8, 2, 2, 6, 7, 7, 3, 7, 2, 1, 5, 9, 5, 6, 5,19, 6, 6, 9, 5, 8, 8, 4, 2, 9, 2, 9, 2, 2, 7, 4, 3, 6, 7, 4, 6, 4, 3, 8,19
 9,19, 1, 9, 8, 7, 8, 1, 8, 2, 3, 5,19, 9, 4, 9,19, 8, 2, 7, 2, 7, 7, 3, 5,19, 9, 5, 5,19, 2, 9, 8, 9, 7, 9, 9, 9, 4, 7, 3
 6, 4, 4, 6, 5, 5,19, 9, 7,19, 5, 5, 5, 2, 8, 9, 4, 7,19, 3, 9, 5, 3, 3, 5, 2, 6, 5, 8, 3, 3, 9,19, 2, 9, 9, 7, 2, 2, 4, 6
 8, 3, 8, 7, 6, 9, 9, 3, 7, 7, 1, 9, 5, 9, 9, 6, 4, 4, 8, 6,19, 8,19,19,19, 6, 8, 9, 4, 7, 6, 9, 7, 2,19, 9, 5, 5, 7, 7,19
 1, 8, 3, 5, 2, 6, 5, 8,19, 2, 3, 7, 9,19, 3, 3, 3, 9, 9, 5, 8, 9, 2, 6, 3, 8, 8, 4, 7, 1, 9, 3, 1, 2, 6, 4, 9, 6, 3, 1, 4
 7,19, 1, 1, 2, 6, 2, 5, 9, 4, 2, 9, 7, 7, 7, 1, 2,19, 3, 7, 6, 6, 5, 9, 2, 4, 8, 9, 6, 3, 5, 3, 2, 9, 7, 6, 4, 9, 9, 6, 2
 3, 7, 4, 5,19, 8, 5, 3, 9, 3, 3, 6, 3, 2, 6, 5, 4, 3, 6, 7,19, 5, 6, 1,19, 8, 6, 3, 6, 1, 1, 8, 9, 8, 7, 5, 5, 5, 9, 5, 9
19, 9,19, 8, 3, 9, 2, 4, 6, 9, 1,19,19, 9, 6, 3, 7, 6, 8, 5, 1, 6, 6,19, 7, 5, 9, 3, 9,19, 5,19, 4, 8, 9, 9, 5,19, 5, 7,19
 1, 6, 9, 4, 1, 9, 9, 8, 7, 9, 2, 6, 8, 7, 4, 8, 4, 6,19, 5,19, 3, 3, 1, 4,19, 9, 9, 9, 5, 1, 7, 1, 9, 1, 9, 6, 2, 8,19, 5
 9, 5, 4,19, 3, 9,19, 5, 8, 4, 9, 9, 5, 4, 4, 4, 8, 1, 5, 5,19, 9, 9, 3, 4, 6, 7, 8, 7,19, 2, 6, 7, 1, 9, 5, 9, 3, 3, 2, 9
 4, 9,19, 9, 3, 6, 1, 2, 9, 3, 1, 3, 1, 8, 6, 1, 6, 4, 3, 7, 4, 4, 9,19, 7, 7, 1, 2, 5, 6,19, 3, 9, 2, 9, 7, 4, 3, 1, 5, 5
 1, 8, 9,19, 4, 9, 7, 1, 7, 4, 1, 4, 8, 6, 5, 2,19, 9, 6, 6,19, 3, 2, 6, 3, 8, 9, 5, 2,19, 5, 6, 2, 2,19, 5, 5, 4, 8, 3, 4
 1, 3,19, 1, 3, 1,19, 6, 5, 9, 1, 4, 1, 5, 9, 7, 5, 1,19,19, 9, 5, 3, 7, 7, 3, 3,19, 3, 7, 6, 2,19, 2, 9, 9, 2, 2,19, 8, 1
 9, 2, 2, 6, 7, 1, 4,19, 8, 7, 8, 9, 3, 3, 6, 9, 8, 8, 6, 8, 9, 1, 3, 1, 7,-1, 1, 8, 9, 6, 1, 9, 9, 2, 8, 8, 8, 2, 5, 9,19
 7, 6,19, 9, 9, 7, 7, 7, 2, 9, 5, 9, 4, 9, 9, 8, 1, 9,-1,19, 7,19, 4,-1, 5, 7,19, 2,-1, 8, 2, 4, 6, 2, 8, 3, 5, 3, 3, 1, 4
 2, 7, 9, 7, 9, 9, 5, 7, 5, 9, 8, 8, 8, 3, 2, 3, 3,19, 5, 5, 3, 6, 1, 3, 9, 1, 7, 8, 9,19, 5, 3, 5, 9, 9, 4, 2,19, 9,19, 1
 7, 4,19, 3,19, 3, 3, 7,19, 3, 1, 3, 1, 4,19, 3,19, 9, 8, 5, 2, 7, 9, 3, 7,19, 2, 6, 5, 4, 9, 3, 4, 7, 3, 6, 9, 9, 9, 4, 2
 3, 6, 8, 9, 2, 4, 1, 5, 7, 6, 7, 6,19, 3, 9, 8,19, 8,19, 4, 4, 9, 9, 2, 9, 8, 3,-1, 9, 9, 9, 3, 4, 6, 4, 8,19, 9, 9, 5, 9
 4, 8,-1, 6,19, 2,-1, 4, 9, 1, 9, 9, 6, 1, 9, 3, 2, 9, 1, 9, 2, 9, 1, 7, 2,19, 6, 6, 5, 6, 9, 9, 7, 9, 4, 2, 1, 3, 7, 5, 9
19, 1,19, 7, 6, 9, 7, 6,19, 4, 6, 3, 4, 9,19, 1, 9, 4, 1, 3, 1, 2, 6, 4, 2, 8, 9, 1, 8, 3, 6, 9, 9, 1, 4, 6, 3, 2, 9, 7, 9
 5,19, 9, 9, 7, 6, 1, 6, 2, 1,19,19, 9, 4, 5,19, 9, 1, 4, 3,19, 7, 3,-1,-1, 2, 7, 5, 9, 8, 9,-1, 9, 6, 4, 2, 4, 1, 9, 5, 7
 7, 8,19, 1, 9,-1, 6, 8, 5, 9, 4, 8, 9, 1, 6, 5, 4, 6, 1, 2, 3, 2, 8, 2, 1, 3, 1, 8, 3, 9, 9,19,-1, 5, 6, 1, 5, 9,19, 8, 9
 4, 8, 5, 9, 2, 1, 4, 7, 5,19, 8, 6, 4, 7, 3, 6, 4,19, 3, 9, 8, 6, 7, 7, 9,19,-1, 9, 2,19, 9, 5, 4,-1, 7, 3, 1, 9, 9, 4, 6
 5,19, 7, 3, 3, 4, 3, 6, 3, 9, 9, 9, 5, 3,19, 7, 4,-1, 9, 5, 5, 4, 6, 3, 3, 2, 9, 7, 9, 9,-1, 4, 3, 4,19, 2, 1, 9, 6, 4, 3
 5,19, 6, 2, 5, 2, 5, 7, 8, 8, 8, 2, 9, 5, 1,19, 3, 6,-1, 7, 9, 1, 9, 5, 1,19, 1,19,19, 4, 9, 4, 5, 8, 2, 1, 7, 9, 7, 9, 3
 4, 4, 8, 7, 2, 4, 5, 1, 2, 3,19, 5, 1, 2, 6, 8, 9, 8, 1, 8, 3, 7, 9, 3,19, 3, 9, 8, 3, 6,-1, 2, 4, 1, 9, 2, 9, 9, 1, 2, 4
 3, 7, 1,19, 9, 7, 2, 1, 2, 8, 7, 8, 3, 7, 1, 6, 5, 5, 9, 7, 9, 6, 8, 3,-1,-1, 8, 1, 3, 3, 7, 8, 7, 3, 3, 9, 7,19, 9, 1,19
 5, 7, 2, 6, 9, 2, 8, 6, 6, 5, 2, 5, 6, 2, 6, 9, 2, 9, 2, 9,19, 1, 4, 7,-1, 1, 2, 9, 2, 8, 4,19,19, 8, 9,19, 3, 2, 6, 6, 8
 9,19, 7, 1, 9, 1, 9, 6, 1, 6, 4, 7, 5, 9, 1, 9, 7, 6, 9, 2, 2, 8, 1,-1,-1,-1,-1, 9, 9, 4, 7, 1, 9, 8, 9, 7, 1, 9,-1, 6, 1
 2, 1, 9, 9, 5, 9,19, 1, 9, 8, 9, 6, 4, 1, 6, 9, 9, 6, 1,19, 9, 3, 5,19,19,-1, 3, 6, 3, 9, 3, 9, 7, 5, 4, 9, 8, 9, 8, 2, 5
 9, 8, 1, 2, 5, 8, 7, 9, 1, 6, 1, 9, 6,19, 2, 6, 1, 1, 3, 3, 1, 5, 4, 2, 1, 5, 7, 9,19, 9, 5, 3, 5, 4, 2, 5, 9, 8, 9, 3,19
 8, 9, 5, 7, 8, 4, 4, 7, 3, 5, 4, 9, 7, 8, 8, 3, 5, 7, 3, 3,19, 7, 4, 8,-1, 5, 5,-1,-1, 9, 5, 7, 9, 7, 9, 7, 6, 8, 7, 9, 9
19, 6, 4,19, 2, 4, 5, 5, 8, 8, 3, 8, 6, 6, 7, 9, 9, 5, 7,19, 5, 2, 9, 8, 3, 2, 1,-1, 3, 4, 7, 1, 3,-1, 5, 9,19, 8, 1, 2, 5
 5, 5, 6,19, 3, 7, 3, 9, 9, 8, 9, 2, 5, 4, 3, 8, 4, 7, 9, 1, 8,19,-1, 9,19, 2, 6, 8,-1, 9, 6, 1, 4, 9, 7, 1, 2, 4, 4, 6, 9
 5, 1, 8, 7, 8, 2, 5, 8, 6, 8, 2, 5, 4, 6,19, 8, 5, 5, 9, 8, 6, 7, 9, 6, 3, 3, 2,19, 2, 9, 8, 6, 4, 3, 9, 5, 4, 6, 5, 4, 3
 5, 3, 7, 9, 7, 2, 9, 6, 5, 1, 6, 8, 5, 9, 2, 3, 5, 3, 1, 9, 3, 9, 2, 8, 6, 6, 9, 6, 6, 3, 6, 7, 1, 7, 9,19,19, 7, 2, 5, 2
 4, 8, 2, 9, 8, 5, 7, 2, 9,19, 6, 8, 5, 1, 8, 8,19, 9, 9, 9, 8, 4, 9, 7,-1, 8, 3, 5, 4,-1, 4, 6,19, 7,19, 8, 4, 9, 8, 8,19
 7, 5, 9, 7, 5, 9, 3, 8, 1, 3, 5, 7,19, 5,19, 7, 6, 9, 9, 1,-1, 3, 6, 7, 4, 6, 9, 5, 9, 6, 1, 1, 9, 1, 9, 9, 9,-1, 1, 4, 7
 7, 5, 8, 4, 4, 1,19, 7, 3, 3, 1, 7, 3, 1, 4, 9, 6, 8, 8, 2, 4, 5, 8,19, 1, 2, 7, 2, 8, 4, 9, 9, 2, 6, 9, 2, 7, 8, 5, 3, 7
 2, 9,19, 4, 5, 7, 4, 2, 6, 6, 7, 9, 7, 9, 7, 8, 8, 1, 3,-1, 9, 5, 3, 3, 5,-1,-1, 2, 1, 2, 5, 7,19, 3, 3, 8, 2, 8, 9, 3, 5
 5, 9, 1, 9, 8,19, 8, 1, 2, 5, 8,19, 6, 8, 8, 3, 4, 5, 5,19,-1, 9, 6, 9, 8, 2, 1, 1, 6, 9, 9,-1, 4, 7, 5,-1, 3,-1, 9, 9, 8
32,32
0,0
31,31
 8, 5, 5, 4, 5, 7, 1, 7, 5, 5, 3, 5, 6, 6, 1, 5, 4, 2, 7,-1, 4, 7, 9, 4, 7, 6, 4, 4, 5, 6,-1, 3
 9, 5,11,11, 5, 7, 8, 9, 1, 7, 9, 5, 7, 1, 8, 7, 6, 8, 1, 1,11, 4, 3, 1, 1, 8, 9, 6, 6, 9, 7, 2
 5, 4, 9, 4, 9, 4, 3, 6, 4, 4,11, 1,11, 4,-1, 1, 3, 6, 6, 6, 6, 7, 1, 2, 3, 5, 1, 1, 9, 1,11, 7
 9, 1,11, 9, 4, 8, 5, 2, 3, 8, 5, 2, 1,11, 8,-1, 8, 3, 3,-1, 1,11, 2, 4, 8, 5, 8, 5, 1, 5, 6,-1
 3, 4, 7, 1,11, 1, 5, 1, 4, 9, 4, 8,11, 9, 1, 9, 9,-1, 4, 8, 9, 2, 1, 1, 7, 1, 5, 9, 2, 7,-1, 9
 1, 6, 1, 9, 1, 7, 4, 1, 2, 8, 2, 5, 5, 8, 3, 1, 3,-1, 9,11, 1, 1, 8, 8, 5, 7,-1, 7, 2, 5, 4, 5
 1, 3, 3, 6, 9,-1, 9, 4, 2, 1, 8, 6, 1, 2, 1, 4,-1, 2, 1, 8, 6, 8, 5, 5, 1, 7, 7, 9, 3, 8, 4, 6
-1, 1, 2, 6, 8,11, 1, 5, 1,11, 2, 3, 2, 4, 4, 5, 3, 2, 8, 4, 5, 5, 4, 4, 6, 1,11, 2, 9, 1,11, 6
 2, 4, 3,11, 6, 1, 6, 2, 3, 1, 1, 6, 5, 3,11, 1, 9, 9, 5, 2, 5, 5,11, 6, 3, 1, 4, 8, 6, 1, 1, 9
 4, 8, 1, 8, 8,11, 1, 7, 3, 5, 3,11, 7, 8, 2, 2, 2, 3,-1, 7, 2, 4, 7, 3, 4, 9, 4, 4, 1, 1, 5, 2
 8, 7,11, 4, 4, 8, 5, 2, 7, 2, 7, 8, 1, 8, 7, 7, 3, 4, 5, 6, 1, 6, 9, 8, 5, 5,-1, 2,11, 1,11, 1
 4, 1,-1, 1, 4, 5, 4,11, 3, 9, 1, 9, 9, 9,-1, 7,-1,-1, 3, 4,11, 7, 9, 9, 2, 2, 5, 2,11,11, 1, 9
11, 9, 2, 8, 6, 1, 1, 9, 1, 1, 9,11, 1, 1, 7, 3, 1, 5, 1, 2, 1, 4, 1,11, 6, 1, 9, 6, 4, 5,-1, 4
 6, 1, 2,-1,-1, 2, 9, 8, 5, 3, 5, 7, 2, 8, 1, 5, 1,11, 9, 1, 1,-1, 8,11, 6, 3, 9, 4, 4, 9, 3, 1
11, 6, 7, 9, 4, 1, 9, 4, 8, 5, 1, 1, 1, 6, 4, 1, 1, 5, 2, 1, 9, 7, 2, 6, 6, 1, 4, 7, 1, 6, 7, 6
 7, 1, 9,11, 6, 3, 4, 4, 9,11, 9, 6, 8, 1, 8,11, 1, 1, 1, 5, 2, 2, 5, 2, 6, 8, 8, 1, 5, 2, 6, 6
 5, 4,11,11, 7, 4, 1, 1, 2, 6, 1, 4,11, 6, 4, 3, 6, 9, 3, 2, 9,-1, 7,11, 9, 1, 5, 7, 4, 8, 4,11
 9, 9,11, 1, 2,11, 2, 8, 4, 8, 4, 2, 6, 3, 4, 8, 6, 1, 6, 1, 2, 1, 5, 4, 4, 6, 6, 9, 1, 1, 1, 1
 5, 8, 8,11, 9, 5, 4, 2, 3, 1, 1, 4, 4, 7, 4,11, 5, 2,11, 5, 8, 9, 3, 5, 6, 5, 9,-1, 1, 3, 3,11
11, 2, 7, 9, 8, 8, 1,11, 9, 2,11, 7, 4, 9, 3, 3, 9, 7, 7, 7,11, 4,-1, 5, 1, 9, 1, 9, 5, 5, 3, 1
 4, 4,11, 9, 6, 4, 7, 9,-1, 6, 9, 3, 6, 5, 7, 9, 7, 7, 1,11, 3, 5, 5, 3, 7,-1, 5,-1, 7,11, 3, 5
 4, 5, 8, 9, 1, 1, 9, 6, 2, 5, 6, 6, 1, 9, 1, 1, 8, 6, 1, 2, 4, 1, 2, 6,11, 4, 1, 1, 9, 8, 3, 1
 1, 4, 6, 9, 1, 1, 1, 8,11, 5, 2, 1, 3, 4, 1,11, 5, 1, 9, 8, 7,11, 8,11, 4, 4, 6,11,-1, 7, 1, 8
 3, 1,11, 1, 7, 8, 3, 1, 6, 6, 1, 6, 7, 5, 1, 7, 1, 6, 1, 3, 8, 4, 1, 3, 8, 4, 1, 3, 1, 4, 4, 9
 4, 1, 3, 1, 4, 4, 2, 1, 5, 9, 9, 7, 9, 5, 5, 9, 2, 3, 2, 6, 1, 7, 9, 4, 8, 2, 5,-1, 4, 9, 2, 8
11, 2, 4,11, 1, 1,11, 7, 4, 6, 8, 6, 3, 2, 1, 5, 9, 1, 9, 5, 2, 4, 9, 1, 1, 9,11,-1,-1, 2, 5,11
 7, 9, 4,11,11, 2, 4,11, 9, 3, 4, 1, 6, 6, 2, 5, 1, 7, 1, 5, 3, 9, 1, 8, 8, 8, 1, 7, 5, 9,-1, 2
 3, 1, 4, 9, 1, 7, 3, 4, 2, 9, 4, 3, 3, 1, 4, 1, 8, 7, 8, 7, 8, 5, 7, 6, 2, 7, 5, 6, 3, 6, 4, 2
 3, 1, 9, 3,11, 1, 9, 8, 3, 8, 1, 6, 6, 4, 1, 1, 6, 7, 9, 6, 6, 7, 5, 4, 1, 2, 7, 2, 1,11, 4, 7
11, 2,-1, 7,11, 4,11, 8, 5, 5, 3, 9, 8,11,11, 5, 1, 9, 9, 9, 1,-1, 7, 5, 3, 3, 1,-1, 6,11, 4, 1
 6, 1, 1, 8, 8,11, 4,11, 8, 5, 2, 1, 1, 3, 5,11, 1, 8, 9, 2, 1, 1, 3, 1, 9,11, 2, 1, 4, 2, 9, 9
 4, 3,11, 9, 5,-1, 1, 7, 8, 2,11, 8, 9, 1, 8, 7, 2, 3, 7,-1, 5, 7, 1, 3, 8, 6, 8,11, 9, 1, 1,11
17,17
0,0
16,16
2, 1, 6, 2, 8, 2, 9, 4, 8, 7, 5, 9, 8, 2, 1, 3, 6
 4, 1, 2, 9,12, 2, 7, 9, 2, 1, 2, 8, 9, 3,12, 6, 7
 1, 7, 8, 9, 1, 2, 1,12,12, 2,12, 1, 2,12, 3, 7, 5
 2, 7, 6, 9,12, 5,12, 6, 3, 8, 2, 7, 9, 7, 1, 7, 1
 9, 1, 3, 5, 6, 2,12, 4, 1, 7, 4, 6, 6, 2, 8,12, 5
 2, 2, 1, 1, 6, 2, 6, 4, 9, 5, 6,12, 7, 3, 3,12, 5
 3, 2, 3,12, 1, 8,12, 4, 9, 4, 9, 2, 3, 1, 2, 3, 8
 4, 1, 4, 8, 9, 1, 9, 3, 7, 8, 5, 2, 5, 1, 4, 4, 2
-1, 3, 9, 5, 5,12, 2, 3, 2, 8,12, 3, 5, 8, 6, 3, 2
 1, 4, 8,12, 9, 6, 2, 4, 2, 2, 5, 2,12, 3, 6, 8, 4
 2, 6, 2, 7, 1, 6, 4, 3, 4, 7, 6, 2, 7, 2, 5,12, 1
 9, 3, 2, 8, 8, 6, 7, 8, 2, 2, 1, 6, 3, 6, 4, 6, 9
 9, 6, 3, 6, 7, 3, 9, 5,12, 6, 7, 1, 3, 6, 9,12, 2
 7, 4, 3, 5, 4, 3, 6, 6, 6, 7, 2, 8, 4, 1, 6, 8, 2
 1, 2, 1, 2, 5, 2, 7, 2, 9, 3, 3, 4,12, 2, 1, 7, 9
 6, 5, 2, 3, 4,12, 3, 3, 2, 2, 5, 8, 2, 1, 9, 2, 9
 3, 2, 2, 3, 2, 4, 9, 3, 5, 3, 6, 5, 8, 4, 7, 6, 7
